============================================================
VARIABLES EN BASE_REGRESIONES.csv
============================================================
  1. id_persona
  2. jefe_hogar
  3. sexo
  4. edad
  5. ocupado
  6. trabajador_informal
  7. tiene_billetera
  8. usa_billetera
  9. credito_formal_2024
 10. factor_expansion
 11. nivel_educativo
 12. estrato
 13. dominio
 14. miembros_hogar
 15. conglomerado
 16. credito_formal_2025
 17. credito_informal_2025
 18. nuevo_credito_formal

Total: 18 variables

============================================================
PRIMERAS 5 FILAS
============================================================
      id_persona  jefe_hogar  sexo  edad  ocupado  trabajador_informal  tiene_billetera  usa_billetera  credito_formal_2024  factor_expansion  nivel_educativo  estrato  dominio  miembros_hogar  conglomerado  credito_formal_2025  credito_informal_2025  nuevo_credito_formal
0  15014-25-11-1           1     2  39.0        1                  1.0                1              1                    0         69.457100              7.0        4        4               4         15014                    1                      1                     1
1  15014-39-11-1           1     1  56.0        1                  1.0                0              0                    0         69.457100              3.0        4        4               1         15014                    0                      0                     0
2  15014-82-11-1           1     2  31.0        1                  1.0                1              1                    0         69.457100              6.0        4        4               5         15014                    0                      0                     0
3  15014-96-11-1           1     2  52.0        1                  1.0                0              0                    0         69.457100              6.0        4        4               3         15014                    0                      0                     0
4   15017-2-11-1           1     2  65.0        1                  0.0                0              0                    0        102.967529             10.0        4        4               1         15017                    0                      0                     0

============================================================
ESTADÍSTICAS DESCRIPTIVAS
============================================================
       jefe_hogar         sexo         edad  ocupado  trabajador_informal  tiene_billetera  usa_billetera  credito_formal_2024  factor_expansion  nivel_educativo      estrato      dominio  miembros_hogar  conglomerado  credito_formal_2025  credito_informal_2025  nuevo_credito_formal
count      6358.0  6358.000000  6358.000000   6358.0          6358.000000      6358.000000    6358.000000               6358.0       6358.000000      6358.000000  6358.000000  6358.000000     6358.000000   6358.000000          6358.000000            6358.000000           6358.000000
mean          1.0     1.313778    52.847594      1.0             0.790500         0.234822       0.137150                  0.0        288.089795         5.072035     4.909877     4.868198        3.345706  17765.802139             0.092482               0.024064              0.092482
std           0.0     0.464064    14.514455      0.0             0.406984         0.423921       0.344033                  0.0        272.048739         2.184253     2.372280     2.206129        1.791830   1676.329411             0.289728               0.153261              0.289728
min           1.0     1.000000    18.000000      1.0             0.000000         0.000000       0.000000                  0.0          1.116235         1.000000     1.000000     1.000000        1.000000  15014.000000             0.000000               0.000000              0.000000
25%           1.0     1.000000    42.000000      1.0             1.000000         0.000000       0.000000                  0.0        140.972656         3.000000     2.000000     3.000000        2.000000  16319.000000             0.000000               0.000000              0.000000
50%           1.0     1.000000    52.000000      1.0             1.000000         0.000000       0.000000                  0.0        224.767319         5.000000     5.000000     5.000000        3.000000  17567.000000             0.000000               0.000000              0.000000
75%           1.0     2.000000    63.000000      1.0             1.000000         0.000000       0.000000                  0.0        334.858490         6.000000     7.000000     7.000000        4.000000  19323.000000             0.000000               0.000000              0.000000
max           1.0     2.000000    94.000000      1.0             1.000000         1.000000       1.000000                  0.0       1996.372314        11.000000     8.000000     8.000000       15.000000  21001.000000             1.000000               1.000000              1.000000

============================================================
VALORES ÚNICOS DE VARIABLES CLAVE
============================================================
